start=4730.492433
speed=4.596444
volume-restore-data=softvol:100.000000:100.000000:0
