start=7102.128367
speed=3.797574
volume-restore-data=softvol:100.000000:100.000000:0
